10.000 31 39 50
4371.000 31 39 50
4368.000 31 39 50
4360.500 31 39 50
4348.500 31 39 50
4347.000 31 39 50
4335.000 31 39 50
4330.500 31 39 50
4321.500 31 39 50
4314.000 31 39 50
4303.500 31 39 50
4300.500 31 39 50
4291.500 31 39 50
4284.000 31 39 50
4278.000 31 39 50
4263.000 31 39 50
4258.500 31 39 50
3511.500 31 39 50
3502.500 31 39 50
3462.000 31 39 50
3414.000 31 39 50
2649.000 31 39 50
2646.000 31 39 50
2644.500 31 39 50
2617.500 31 39 50
2610.000 31 39 50
2604.000 31 39 50
2602.500 31 39 50
2598.000 31 39 50
2596.500 31 39 50
2595.000 31 39 50
2593.500 31 39 50
2592.000 31 39 50
2589.000 31 39 50
2580.000 31 39 50
2571.000 31 39 50
1824.000 31 39 50
1744.500 31 39 50
1731.000 31 39 50
1699.500 31 39 50
1648.500 31 39 50
1642.500 31 39 50
1639.500 31 39 50
1638.000 31 39 50
1635.000 31 39 50
1632.000 31 39 50
1630.500 31 39 50
1627.500 31 39 50
1626.000 31 39 50
1624.500 31 39 50
1621.500 31 39 50
1620.000 31 39 50
1618.500 31 39 50
1617.000 31 39 50
1612.500 31 39 50
1611.000 31 39 50
1609.500 31 39 50
1603.500 31 39 50
1600.500 31 39 50
1599.000 31 39 50
1594.500 31 39 50
1593.000 31 39 50
1590.000 31 39 50
1585.500 31 39 50
1578.000 31 39 50
1576.500 31 39 50
1575.000 31 39 50
1573.500 31 39 50
1570.500 31 39 50
1569.000 31 39 50
1567.500 31 39 50
1566.000 31 39 50
1564.500 31 39 50
1563.000 31 39 50
1561.500 31 39 50
1560.000 31 39 50
1558.500 31 39 50
1555.500 31 39 50
1552.500 31 39 50
1548.000 31 39 50
1546.500 31 39 50
1545.000 31 39 50
1543.500 31 39 50
1542.000 31 39 50
1540.500 31 39 50
1539.000 31 39 50
1537.500 31 39 50
1536.000 31 39 50
1534.500 31 39 50
1533.000 31 39 50
1531.500 31 39 50
1530.000 31 39 50
1528.500 31 39 50
1527.000 31 39 50
1524.000 31 39 50
1521.000 31 39 50
1519.500 31 39 50
1516.500 31 39 50
1509.000 31 39 50
1507.500 31 39 50
1506.000 31 39 50
1504.500 31 39 50
1503.000 31 39 50
1497.000 31 39 50
1491.000 31 39 50
1369.500 31 39 50
1357.500 31 39 50
1353.000 31 39 50
1215.000 31 39 50
1110.000 31 39 50
1072.500 31 39 50
1053.000 31 39 50
1051.500 31 39 50
1050.000 31 39 50
1048.500 31 39 50
1047.000 31 39 50
1045.500 31 39 50
1044.000 31 39 50
1042.500 31 39 50
1006.500 31 39 50
1005.000 31 39 50
1003.500 31 39 50
1002.000 31 39 50
1000.500 31 39 50
999.000 31 39 50
997.500 31 39 50
996.000 31 39 50
922.500 31 39 50
921.000 31 39 50
919.500 31 39 50
918.000 31 39 50
916.500 31 39 50
915.000 31 39 50
913.500 31 39 50
910.500 31 39 50
906.000 31 39 50
904.500 31 39 50
892.500 31 39 50
889.500 31 39 50
888.000 31 39 50
886.500 31 39 50
883.500 31 39 50
880.500 31 39 50
879.000 31 39 50
874.500 31 39 50
873.000 31 39 50
871.500 31 39 50
868.500 31 39 50
867.000 31 39 50
865.500 31 39 50
864.000 31 39 50
861.000 31 39 50
858.000 31 39 50
852.000 31 39 50
850.500 31 39 50
849.000 31 39 50
847.500 31 39 50
846.000 31 39 50
844.500 31 39 50
840.000 31 39 50
838.500 31 39 50
835.500 31 39 50
826.500 31 39 50
825.000 31 39 50
822.000 31 39 50
820.500 31 39 50
819.000 31 39 50
816.000 31 39 50
814.500 31 39 50
813.000 31 39 50
810.000 31 39 50
808.500 31 39 50
805.500 31 39 50
804.000 31 39 50
802.500 31 39 50
798.000 31 39 50
795.000 31 39 50
780.000 31 39 50
739.500 31 39 50
736.500 31 39 50
733.500 31 39 50
729.000 31 39 50
699.000 31 39 50
697.500 31 39 50
694.500 31 39 50
691.500 31 39 50
688.500 31 39 50
672.000 31 39 50
670.500 31 39 50
655.500 31 39 50
645.000 31 39 50
643.500 31 39 50
642.000 31 39 50
640.500 31 39 50
639.000 31 39 50
637.500 31 39 50
627.000 31 39 50
625.500 31 39 50
624.000 31 39 50
622.500 31 39 50
619.500 31 39 50
615.000 31 39 50
613.500 31 39 50
610.500 31 39 50
607.500 31 39 50
604.500 31 39 50
603.000 31 39 50
601.500 31 39 50
600.000 31 39 50
598.500 31 39 50
597.000 31 39 50
589.500 31 39 50
588.000 31 39 50
585.000 31 39 50
580.500 31 39 50
579.000 31 39 50
577.500 31 39 50
576.000 31 39 50
574.500 31 39 50
571.500 31 39 50
567.000 31 39 50
565.500 31 39 50
564.000 31 39 50
562.500 31 39 50
559.500 31 39 50
558.000 31 39 50
556.500 31 39 50
555.000 31 39 50
553.500 31 39 50
552.000 31 39 50
550.500 31 39 50
549.000 31 39 50
547.500 31 39 50
546.000 31 39 50
544.500 31 39 50
543.000 31 39 50
541.500 31 39 50
540.000 31 39 50
538.500 31 39 50
537.000 31 39 50
535.500 31 39 50
534.000 31 39 50
532.500 31 39 50
529.500 31 39 50
528.000 31 39 50
526.500 31 39 50
525.000 31 39 50
523.500 31 39 50
522.000 31 39 50
520.500 31 39 50
516.000 31 39 50
514.500 31 39 50
513.000 31 39 50
505.500 31 39 50
499.500 31 39 50
498.000 31 39 50
453.000 31 39 50
451.500 31 39 50
450.000 31 39 50
442.500 31 39 50
441.000 31 39 50
439.500 31 39 50
438.000 31 39 50
436.500 31 39 50
435.000 31 39 50
433.500 31 39 50
402.000 31 39 50
388.500 31 39 50
379.500 31 39 50
364.500 31 39 50
345.000 31 39 50
336.000 31 39 50
328.500 31 39 50
325.500 31 39 50
324.000 31 39 50
322.500 31 39 50
321.000 31 39 50
319.500 31 39 50
318.000 31 39 50
316.500 31 39 50
315.000 31 39 50
313.500 31 39 50
312.000 31 39 50
310.500 31 39 50
309.000 31 39 50
307.500 31 39 50
306.000 31 39 50
304.500 31 39 50
303.000 31 39 50
301.500 31 39 50
300.000 31 39 50
298.500 31 39 50
297.000 31 39 50
295.500 31 39 50
294.000 31 39 50
292.500 31 39 50
291.000 31 39 50
289.500 31 39 50
288.000 31 39 50
286.500 31 39 50
285.000 31 39 50
283.500 31 39 50
282.000 31 39 50
280.500 31 39 50
279.000 31 39 50
277.500 31 39 50
276.000 31 39 50
274.500 31 39 50
273.000 31 39 50
271.500 31 39 50
270.000 31 39 50
268.500 31 39 50
267.000 31 39 50
265.500 31 39 50
264.000 31 39 50
262.500 31 39 50
261.000 31 39 50
259.500 31 39 50
258.000 31 39 50
256.500 31 39 50
255.000 31 39 50
253.500 31 39 50
252.000 31 39 50
250.500 31 39 50
249.000 31 39 50
247.500 31 39 50
246.000 31 39 50
244.500 31 39 50
243.000 31 39 50
232.500 31 39 50
220.500 31 39 50
219.000 31 39 50
217.500 31 39 50
199.500 31 39 50
196.500 31 39 50
193.500 31 39 50
192.000 31 39 50
190.500 31 39 50
189.000 31 39 50
187.500 31 39 50
186.000 31 39 50
184.500 31 39 50
183.000 31 39 50
181.500 31 39 50
180.000 31 39 50
178.500 31 39 50
177.000 31 39 50
175.500 31 39 50
174.000 31 39 50
172.500 31 39 50
171.000 31 39 50
169.500 31 39 50
168.000 31 39 50
166.500 31 39 50
165.000 31 39 50
163.500 31 39 50
162.000 31 39 50
160.500 31 39 50
159.000 31 39 50
157.500 31 39 50
156.000 31 39 50
153.000 31 39 50
151.500 31 39 50
150.000 31 39 50
148.500 31 39 50
147.000 31 39 50
145.500 31 39 50
144.000 31 39 50
142.500 31 39 50
139.500 31 39 50
138.000 31 39 50
136.500 31 39 50
135.000 31 39 50
133.500 31 39 50
132.000 31 39 50
130.500 31 39 50
129.000 31 39 50
127.500 31 39 50
126.000 31 39 50
124.500 31 39 50
123.000 31 39 50
121.500 31 39 50
120.000 31 39 50
118.500 31 39 50
117.000 31 39 50
115.500 31 39 50
114.000 31 39 50
112.500 31 39 50
111.000 31 39 50
108.000 31 39 50
100.500 31 39 50
99.000 31 39 50
97.500 31 39 50
91.500 31 39 50
84.000 31 39 50
78.000 31 39 50
72.000 31 39 50
70.500 31 39 50
69.000 31 39 50
67.500 31 39 50
66.000 31 39 50
61.500 31 39 50
60.000 31 39 50
57.000 31 39 50
55.500 31 39 50
51.000 31 39 50
49.500 31 39 50
48.000 31 39 50
46.500 31 39 50
45.000 31 39 50
43.500 31 39 50
42.000 31 39 50
40.500 31 39 50
39.000 31 39 50
37.500 31 39 50
36.000 31 39 50
34.500 31 39 50
33.000 31 39 50
31.500 31 39 50
30.000 31 39 50
28.500 31 39 50
27.000 31 39 50
25.500 31 39 50
24.000 31 39 50
22.500 31 39 50
21.000 31 39 50
19.500 31 39 50
18.000 31 39 50
16.500 31 39 50
15.000 31 39 50
13.500 31 39 50
12.000 31 39 50
10.500 31 39 50
9.000 31 39 50
7.500 31 39 50
6.000 31 39 50
4.500 31 39 50
3.000 31 39 50
1.500 31 39 50
1.425 31 39 50
1.365 31 39 50
1.335 31 39 50
1.290 31 39 50
1.110 31 39 50
1.005 31 39 50
0.930 31 39 50
0.855 31 39 50
0.765 31 39 50
0.495 31 39 50
0.435 31 39 50
0.345 31 39 50
